1
Vendor Device Geom Aniso1 Aniso2 Aniso4 Aniso8 Aniso16 PArith11 PTexD11 PArith20
1002 3150 99.70 730.00 367.00 169.00 90.30 54.60 150.00 188.00 88.80
1002 3151 30.40 231.00 116.00 51.70 27.60 16.70 51.20 51.20 27.10
1002 3154 99.90 733.00 365.00 168.00 90.00 54.60 151.00 188.00 88.90
1002 3E50 92.90 724.00 369.00 167.00 89.90 54.50 150.00 187.00 88.50
1002 3E54 124.00 907.00 463.00 211.00 113.00 68.50 208.00 208.00 111.00
1002 3E70 99.30 732.00 368.00 168.00 90.10 54.60 167.00 166.00 88.40
1002 4136 50.20 30.40 24.50 21.70 19.70 17.90 0.00 0.00 0.00
1002 4144 101.00 524.00 269.00 119.00 63.30 38.10 105.00 131.00 0.00
1002 4145 138.00 522.00 268.00 118.00 63.20 38.10 116.00 116.00 61.70
1002 4147 161.00 604.00 312.00 137.00 72.90 44.20 134.00 134.00 71.40
1002 4148 152.00 616.00 312.00 139.00 74.00 44.70 123.00 153.00 72.30
1002 4150 98.20 682.00 325.00 155.00 86.20 53.10 166.00 165.00 87.90
1002 4151 80.90 565.00 273.00 131.00 72.10 43.90 136.00 136.00 72.20
1002 4152 124.00 840.00 399.00 195.00 108.00 66.80 207.00 207.00 110.00
1002 4153 99.30 734.00 366.00 167.00 89.90 54.50 167.00 167.00 88.80
1002 4154 99.10 742.00 378.00 170.00 90.60 54.60 167.00 167.00 88.40
1002 4155 96.70 673.00 322.00 151.00 83.60 51.90 164.00 161.00 86.70
1002 4164 137.00 516.00 265.00 118.00 62.90 38.00 116.00 116.00 61.50
1002 4167 161.00 607.00 312.00 138.00 73.70 44.50 136.00 136.00 72.10
1002 4168 187.00 636.00 348.00 156.00 84.40 51.40 154.00 155.00 83.00
1002 4170 99.40 686.00 330.00 160.00 88.20 54.90 167.00 167.00 88.60
1002 4171 75.20 543.00 250.00 123.00 69.20 43.00 123.00 152.00 68.20
1002 4172 124.00 860.00 420.00 202.00 111.00 67.60 208.00 208.00 111.00
1002 4173 61.90 474.00 295.00 149.00 73.20 39.50 104.00 103.00 55.20
1002 4242 96.70 830.00 307.00 215.00 151.00 116.00 216.00 170.00 0.00
1002 4336 57.10 47.60 34.10 30.10 26.10 22.60 0.00 0.00 0.00
1002 4337 106.00 46.90 35.10 31.10 27.30 23.10 0.00 0.00 0.00
1002 4437 91.80 46.80 37.00 32.80 29.10 25.40 0.00 0.00 0.00
1002 4966 52.90 891.00 337.00 241.00 172.00 132.00 118.00 116.00 0.00
1002 496E 57.80 976.00 368.00 263.00 189.00 145.00 129.00 127.00 0.00
1002 4A49 349.00 2190.00 1180.00 572.00 314.00 193.00 581.00 581.00 311.00
1002 4A4A 309.00 1400.00 745.00 351.00 190.00 116.00 349.00 348.00 187.00
1002 4A4B 333.00 2470.00 1310.00 649.00 380.00 238.00 737.00 730.00 396.00
1002 4A4D 331.00 2290.00 1170.00 609.00 345.00 232.00 545.00 659.00 325.00
1002 4A4E 243.00 1200.00 606.00 300.00 168.00 111.00 261.00 321.00 154.00
1002 4A50 379.00 2880.00 1550.00 777.00 442.00 276.00 824.00 820.00 437.00
1002 4A54 316.00 878.00 524.00 262.00 126.00 68.00 179.00 178.00 94.80
1002 4A69 343.00 2110.00 1150.00 562.00 312.00 192.00 573.00 571.00 308.00
1002 4A6A 328.00 1570.00 839.00 390.00 211.00 129.00 384.00 384.00 207.00
1002 4A6B 369.00 2970.00 1510.00 756.00 430.00 268.00 810.00 809.00 437.00
1002 4A6D 366.00 2330.00 1220.00 595.00 328.00 201.00 550.00 684.00 326.00
1002 4A70 390.00 3260.00 1670.00 826.00 458.00 283.00 859.00 858.00 462.00
1002 4A74 396.00 976.00 508.00 226.00 122.00 74.00 225.00 225.00 120.00
1002 4B49 383.00 2990.00 1560.00 778.00 445.00 277.00 835.00 837.00 452.00
1002 4B4B 359.00 2230.00 1200.00 595.00 328.00 203.00 601.00 600.00 325.00
1002 4B4C 386.00 2950.00 1610.00 810.00 461.00 286.00 842.00 843.00 455.00
1002 4B57 194.00 2470.00 1340.00 639.00 348.00 213.00 638.00 637.00 342.00
1002 4B69 383.00 2950.00 1560.00 785.00 446.00 278.00 835.00 837.00 452.00
1002 4B6B 368.00 2230.00 1230.00 602.00 332.00 203.00 609.00 610.00 323.00
1002 4B6C 393.00 3280.00 1680.00 824.00 462.00 286.00 871.00 876.00 472.00
1002 4C57 55.50 431.00 184.00 129.00 92.40 73.60 0.00 0.00 0.00
1002 4C58 55.40 476.00 177.00 126.00 90.80 72.70 0.00 0.00 0.00
1002 4C59 95.10 52.20 36.80 31.50 26.90 23.20 0.00 0.00 0.00
1002 4C66 46.70 805.00 314.00 221.00 157.00 119.00 105.00 103.00 0.00
1002 4E44 148.00 1130.00 600.00 266.00 142.00 87.60 237.00 301.00 140.00
1002 4E45 91.60 1010.00 523.00 235.00 124.00 75.70 207.00 257.00 115.00
1002 4E46 107.00 1020.00 511.00 244.00 133.00 80.90 223.00 278.00 0.00
1002 4E47 160.00 1180.00 612.00 275.00 147.00 88.90 270.00 265.00 143.00
1002 4E48 188.00 1330.00 705.00 320.00 171.00 104.00 315.00 314.00 168.00
1002 4E49 162.00 1110.00 555.00 263.00 144.00 88.40 269.00 269.00 144.00
1002 4E4A 130.00 1410.00 732.00 331.00 177.00 108.00 294.00 367.00 164.00
1002 4E4B 200.00 1310.00 723.00 333.00 181.00 111.00 333.00 330.00 179.00
1002 4E50 106.00 782.00 385.00 184.00 100.00 61.30 171.00 213.00 101.00
1002 4E51 81.00 607.00 304.00 138.00 73.50 44.50 136.00 136.00 72.30
1002 4E52 57.90 470.00 238.00 106.00 56.30 34.00 93.40 117.00 55.10
1002 4E54 79.40 658.00 390.00 195.00 94.20 50.80 120.00 150.00 70.80
1002 4E56 62.10 466.00 239.00 106.00 56.60 34.20 94.10 117.00 55.40
1002 4E64 136.00 995.00 570.00 264.00 132.00 78.60 228.00 223.00 121.00
1002 4E65 131.00 960.00 501.00 224.00 120.00 72.50 220.00 219.00 117.00
1002 4E66 107.00 1010.00 490.00 237.00 131.00 80.60 223.00 278.00 0.00
1002 4E68 188.00 1320.00 698.00 315.00 170.00 103.00 314.00 314.00 167.00
1002 4E69 161.00 1160.00 610.00 274.00 147.00 89.10 270.00 270.00 144.00
1002 4E6A 130.00 1390.00 726.00 330.00 177.00 107.00 290.00 363.00 163.00
1002 4E70 99.30 714.00 361.00 172.00 91.70 56.30 167.00 167.00 88.70
1002 4E71 124.00 828.00 401.00 198.00 109.00 66.90 207.00 207.00 111.00
1002 5144 6.97 290.00 114.00 80.20 57.00 45.30 0.00 0.00 0.00
1002 5148 106.00 897.00 333.00 231.00 162.00 124.00 237.00 187.00 0.00
1002 514C 103.00 809.00 317.00 216.00 154.00 116.00 224.00 177.00 0.00
1002 514D 106.00 875.00 330.00 229.00 161.00 123.00 235.00 186.00 0.00
1002 5157 10.20 488.00 217.00 150.00 104.00 82.00 0.00 0.00 0.00
1002 5159 131.00 48.40 34.00 29.70 25.60 22.40 0.00 0.00 0.00
1002 515A 160.00 46.20 33.70 29.30 25.10 21.80 0.00 0.00 0.00
1002 5460 80.70 596.00 302.00 137.00 73.40 44.40 122.00 152.00 72.10
1002 5462 88.90 672.00 341.00 152.00 81.10 49.00 135.00 168.00 79.30
1002 5549 350.00 2220.00 1180.00 573.00 315.00 193.00 583.00 582.00 313.00
1002 554A 383.00 3140.00 1540.00 794.00 449.00 273.00 816.00 793.00 447.00
1002 554B 315.00 1460.00 768.00 355.00 191.00 117.00 352.00 352.00 188.00
1002 554D 295.00 2620.00 1310.00 636.00 347.00 216.00 653.00 654.00 350.00
1002 554E 264.00 1300.00 663.00 326.00 178.00 109.00 329.00 325.00 175.00
1002 554F 296.00 1660.00 834.00 426.00 248.00 158.00 493.00 493.00 264.00
1002 5550 364.00 2760.00 1420.00 739.00 422.00 263.00 793.00 792.00 429.00
1002 5551 333.00 2020.00 1080.00 534.00 297.00 183.00 553.00 553.00 297.00
1002 5569 290.00 1880.00 1050.00 494.00 267.00 163.00 482.00 482.00 263.00
1002 556A 385.00 3210.00 1660.00 812.00 454.00 281.00 848.00 850.00 456.00
1002 556B 314.00 1450.00 761.00 353.00 191.00 116.00 352.00 352.00 188.00
1002 556D 295.00 2520.00 1320.00 641.00 351.00 217.00 649.00 649.00 349.00
1002 556F 284.00 1860.00 986.00 467.00 256.00 159.00 480.00 473.00 257.00
1002 564B 264.00 1140.00 549.00 270.00 154.00 95.30 266.00 332.00 157.00
1002 564F 261.00 660.00 337.00 150.00 80.10 48.30 147.00 147.00 78.30
1002 5652 259.00 1140.00 579.00 281.00 156.00 95.40 261.00 325.00 155.00
1002 5653 266.00 1240.00 619.00 296.00 161.00 98.00 269.00 335.00 159.00
1002 5657 297.00 1100.00 531.00 272.00 162.00 103.00 331.00 332.00 177.00
1002 5834 207.00 285.00 198.00 145.00 105.00 79.70 69.70 70.50 0.00
1002 5835 108.00 282.00 199.00 140.00 100.00 74.70 71.00 69.90 0.00
1002 5940 50.30 806.00 316.00 227.00 163.00 125.00 112.00 111.00 0.00
1002 5941 52.80 732.00 322.00 230.00 165.00 126.00 118.00 116.00 0.00
1002 5954 325.00 286.00 141.00 64.60 35.40 24.40 71.30 70.50 35.50
1002 5955 209.00 296.00 145.00 65.20 35.80 24.70 71.20 63.40 35.50
1002 5960 50.70 709.00 302.00 218.00 157.00 121.00 112.00 111.00 0.00
1002 5961 52.90 903.00 338.00 241.00 173.00 132.00 118.00 117.00 0.00
1002 5962 52.90 887.00 335.00 240.00 172.00 132.00 118.00 116.00 0.00
1002 5964 42.20 634.00 271.00 194.00 139.00 106.00 94.00 92.70 0.00
1002 5974 245.00 295.00 146.00 65.20 35.50 24.50 70.40 62.70 35.50
1002 5975 222.00 342.00 167.00 81.10 45.60 31.40 94.50 83.90 47.40
1002 5A41 416.00 290.00 142.00 64.40 35.30 24.50 71.20 63.30 35.50
1002 5A42 93.70 231.00 118.00 55.60 32.50 22.50 69.20 69.10 35.10
1002 5A61 294.00 274.00 141.00 63.30 34.80 24.10 71.20 70.20 35.40
1002 5A62 31.90 239.00 118.00 52.20 29.20 20.00 58.70 52.30 29.60
1002 5B60 80.90 563.00 270.00 131.00 71.60 43.90 136.00 136.00 71.90
1002 5B62 99.50 636.00 268.00 133.00 77.40 50.00 167.00 167.00 88.60
1002 5B63 99.50 715.00 356.00 166.00 89.50 54.40 167.00 167.00 88.80
1002 5B64 91.80 708.00 353.00 164.00 88.30 53.60 148.00 185.00 87.30
1002 5B70 81.00 569.00 275.00 133.00 72.40 44.10 136.00 136.00 72.30
1002 5B72 87.60 637.00 322.00 147.00 79.00 47.90 147.00 147.00 78.10
1002 5B73 92.50 650.00 311.00 149.00 81.80 50.00 155.00 155.00 82.40
1002 5B74 91.70 675.00 331.00 157.00 86.40 53.00 148.00 185.00 87.30
1002 5C61 45.20 787.00 291.00 206.00 149.00 114.00 101.00 99.70 0.00
1002 5C63 45.20 418.00 305.00 214.00 153.00 116.00 101.00 99.80 0.00
1002 5D44 42.30 631.00 261.00 186.00 133.00 102.00 94.50 93.10 0.00
1002 5D48 331.00 2810.00 1490.00 710.00 392.00 242.00 730.00 728.00 392.00
1002 5D4A 242.00 1570.00 822.00 394.00 217.00 133.00 365.00 453.00 216.00
1002 5D4D 400.00 3380.00 1720.00 842.00 471.00 292.00 879.00 879.00 472.00
1002 5D4F 296.00 2010.00 1080.00 549.00 309.00 205.00 493.00 493.00 264.00
1002 5D52 386.00 3000.00 1570.00 781.00 447.00 279.00 840.00 838.00 454.00
1002 5D57 371.00 2910.00 1510.00 765.00 432.00 268.00 816.00 816.00 438.00
1002 5D6D 397.00 3160.00 1650.00 812.00 464.00 285.00 864.00 861.00 468.00
1002 5D6F 375.00 3140.00 1590.00 789.00 439.00 273.00 824.00 824.00 444.00
1002 5D72 385.00 3080.00 1560.00 798.00 447.00 279.00 847.00 845.00 455.00
1002 5D77 353.00 2940.00 1520.00 747.00 430.00 267.00 735.00 899.00 413.00
1002 5E48 314.00 1400.00 700.00 342.00 189.00 116.00 352.00 351.00 188.00
1002 5E4A 324.00 1440.00 743.00 358.00 196.00 119.00 363.00 362.00 194.00
1002 5E4B 314.00 1410.00 706.00 344.00 189.00 116.00 352.00 352.00 188.00
1002 5E4D 300.00 1020.00 515.00 267.00 162.00 104.00 333.00 332.00 177.00
1002 5E4F 297.00 737.00 366.00 168.00 90.10 54.60 151.00 188.00 88.80
1002 5E6B 314.00 1350.00 675.00 335.00 187.00 115.00 351.00 351.00 188.00
1002 5E6D 295.00 1110.00 601.00 306.00 172.00 107.00 327.00 327.00 175.00
1002 5E6F 296.00 704.00 341.00 162.00 88.60 54.10 167.00 167.00 88.90
1002 7100 612.00 3950.00 2120.00 996.00 545.00 335.00 1120.00 1120.00 2100.00
1002 7102 384.00 2050.00 1080.00 542.00 306.00 205.00 546.00 545.00 1050.00
1002 7104 575.00 3650.00 1840.00 899.00 510.00 317.00 1070.00 1070.00 2040.00
1002 7109 483.00 3060.00 1660.00 796.00 437.00 270.00 896.00 896.00 1690.00
1002 710A 505.00 2680.00 1400.00 642.00 347.00 214.00 714.00 716.00 1380.00
1002 710E 570.00 3510.00 1910.00 924.00 514.00 317.00 1050.00 1040.00 2500.00
1002 710F 575.00 3740.00 1980.00 947.00 520.00 321.00 1070.00 1070.00 2020.00
1002 7120 573.00 3640.00 2000.00 950.00 519.00 321.00 1060.00 1060.00 2000.00
1002 7124 575.00 3670.00 1900.00 922.00 515.00 319.00 1070.00 1070.00 2020.00
1002 7129 484.00 3270.00 1710.00 803.00 439.00 270.00 900.00 908.00 1720.00
1002 712A 487.00 2610.00 1360.00 620.00 335.00 206.00 691.00 691.00 1340.00
1002 712E 571.00 3580.00 1940.00 935.00 517.00 319.00 1020.00 1010.00 1490.00
1002 7140 157.00 1030.00 471.00 237.00 135.00 84.00 295.00 295.00 574.00
1002 7142 150.00 1010.00 465.00 229.00 130.00 80.10 281.00 281.00 552.00
1002 7143 136.00 899.00 416.00 207.00 117.00 72.80 251.00 253.00 497.00
1002 7145 107.00 777.00 384.00 178.00 96.30 58.70 200.00 200.00 393.00
1002 7146 110.00 481.00 265.00 140.00 82.20 53.60 208.00 208.00 407.00
1002 7147 134.00 986.00 479.00 227.00 121.00 74.00 252.00 254.00 496.00
1002 7149 98.90 724.00 355.00 171.00 94.10 59.40 186.00 186.00 366.00
1002 714A 84.10 615.00 294.00 139.00 75.40 46.00 158.00 158.00 312.00
1002 7152 98.20 966.00 484.00 229.00 128.00 78.30 276.00 275.00 526.00
1002 7153 148.00 1070.00 520.00 244.00 133.00 81.00 278.00 278.00 547.00
1002 715F 124.00 923.00 453.00 208.00 112.00 68.30 234.00 234.00 460.00
1002 7160 158.00 1130.00 531.00 253.00 140.00 85.70 296.00 296.00 578.00
1002 7162 149.00 1100.00 539.00 250.00 135.00 82.00 281.00 282.00 373.00
1002 7166 111.00 771.00 371.00 176.00 95.80 58.50 208.00 207.00 407.00
1002 7167 136.00 1010.00 497.00 227.00 122.00 74.40 255.00 255.00 502.00
1002 7181 105.00 1010.00 457.00 228.00 133.00 83.10 296.00 295.00 579.00
1002 7183 148.00 1090.00 539.00 248.00 133.00 81.10 277.00 278.00 546.00
1002 7186 119.00 873.00 424.00 199.00 107.00 65.40 224.00 224.00 440.00
1002 7187 113.00 748.00 338.00 169.00 96.30 59.90 212.00 212.00 418.00
1002 7188 79.60 878.00 441.00 201.00 108.00 65.60 224.00 224.00 439.00
1002 718A 79.80 787.00 322.00 169.00 104.00 70.30 222.00 222.00 989.00
1002 718B 61.70 681.00 335.00 155.00 83.30 50.70 174.00 174.00 342.00
1002 7196 68.90 750.00 375.00 173.00 93.20 56.80 194.00 194.00 377.00
1002 719F 136.00 1020.00 502.00 229.00 123.00 74.90 256.00 256.00 505.00
1002 71A1 157.00 1010.00 465.00 231.00 133.00 83.20 295.00 293.00 574.00
1002 71A3 136.00 990.00 495.00 228.00 123.00 74.70 254.00 255.00 498.00
1002 71A7 111.00 763.00 364.00 179.00 98.30 60.30 208.00 208.00 408.00
1002 71C0 357.00 1080.00 547.00 244.00 131.00 79.40 640.00 536.00 1040.00
1002 71C1 242.00 1080.00 549.00 247.00 132.00 80.40 642.00 540.00 1040.00
1002 71C2 308.00 901.00 458.00 209.00 112.00 68.20 541.00 456.00 873.00
1002 71C3 305.00 905.00 457.00 209.00 112.00 68.20 545.00 457.00 882.00
1002 71C4 253.00 760.00 387.00 174.00 93.20 56.60 454.00 381.00 737.00
1002 71C5 290.00 871.00 443.00 199.00 107.00 64.70 519.00 435.00 840.00
1002 71C6 364.00 1030.00 527.00 246.00 133.00 80.90 643.00 542.00 1030.00
1002 71C7 308.00 927.00 463.00 210.00 113.00 68.40 550.00 461.00 894.00
1002 71CD 196.00 844.00 441.00 211.00 115.00 72.60 529.00 450.00 833.00
1002 71CE 326.00 972.00 484.00 224.00 121.00 74.00 581.00 472.00 899.00
1002 71D2 306.00 918.00 468.00 208.00 111.00 67.10 546.00 457.00 885.00
1002 71D4 265.00 796.00 400.00 181.00 97.30 59.10 474.00 397.00 765.00
1002 71D5 190.00 840.00 421.00 193.00 103.00 62.90 497.00 423.00 798.00
1002 71DE 189.00 813.00 421.00 191.00 103.00 62.50 498.00 414.00 1410.00
1002 71E0 359.00 1080.00 548.00 246.00 132.00 80.20 643.00 539.00 1050.00
1002 71E1 358.00 1070.00 531.00 246.00 133.00 80.90 624.00 527.00 953.00
1002 71E2 307.00 921.00 466.00 210.00 113.00 68.40 547.00 459.00 884.00
1002 71E3 306.00 914.00 461.00 231.00 130.00 85.60 546.00 457.00 883.00
1002 71E6 365.00 938.00 485.00 242.00 131.00 80.00 645.00 542.00 1050.00
1002 71E7 306.00 902.00 457.00 209.00 112.00 68.30 542.00 456.00 877.00
1002 71ED 307.00 913.00 455.00 209.00 112.00 68.20 546.00 458.00 883.00
1002 71EE 336.00 1020.00 514.00 230.00 123.00 74.80 602.00 506.00 982.00
1002 7210 79.20 840.00 403.00 194.00 106.00 64.60 223.00 223.00 1570.00
1002 7240 322.00 3010.00 1640.00 799.00 421.00 270.00 1960.00 1730.00 2900.00
1002 7244 490.00 3270.00 1740.00 811.00 441.00 271.00 2060.00 1740.00 3730.00
1002 7248 643.00 4050.00 2210.00 1050.00 578.00 357.00 2570.00 2240.00 3850.00
1002 7249 605.00 3920.00 2070.00 995.00 544.00 335.00 2490.00 2130.00 3820.00
1002 724B 557.00 2930.00 1510.00 707.00 382.00 236.00 1810.00 1520.00 2830.00
1002 7260 628.00 3900.00 2150.00 1030.00 565.00 348.00 2550.00 2140.00 3870.00
1002 7264 602.00 3790.00 2050.00 988.00 539.00 334.00 2440.00 2090.00 3750.00
1002 7269 609.00 3850.00 2050.00 989.00 542.00 334.00 2460.00 2080.00 3700.00
1002 726B 521.00 2700.00 1420.00 653.00 352.00 217.00 1670.00 1400.00 2610.00
1002 7280 376.00 2660.00 1470.00 698.00 386.00 237.00 1720.00 1510.00 2620.00
1002 7284 253.00 1880.00 1000.00 475.00 258.00 161.00 1150.00 984.00 1840.00
1002 7288 488.00 2540.00 1350.00 618.00 334.00 206.00 1560.00 1320.00 2400.00
1002 7291 400.00 2030.00 1170.00 573.00 282.00 169.00 1270.00 1060.00 1960.00
1002 72A0 566.00 2880.00 1520.00 706.00 381.00 234.00 1800.00 1520.00 2790.00
1002 72A8 472.00 2280.00 1270.00 603.00 331.00 205.00 1550.00 1290.00 2380.00
1002 72B1 580.00 1870.00 1050.00 474.00 230.00 154.00 1270.00 1070.00 1970.00
1002 743F 2433.09 5379.24 4849.66 3407.16 2544.53 2047.92 5827.51 5834.31 4288.16
1002 7834 303.00 528.00 201.00 143.00 103.00 79.10 70.80 70.20 0.00
1002 7835 231.00 401.00 149.00 107.00 76.30 58.40 52.60 52.20 0.00
1002 791E 464.00 443.00 269.00 122.00 68.70 48.10 168.00 168.00 89.30
1002 791F 39.00 406.00 247.00 118.00 67.70 47.30 165.00 165.00 87.80
1002 7941 60.70 834.00 427.00 199.00 110.00 67.70 209.00 209.00 111.00
1002 7942 36.10 841.00 424.00 202.00 110.00 67.80 207.00 207.00 111.00
1002 9400 4730.00 4270.00 2450.00 1350.00 887.00 642.00 3890.00 2880.00 2570.00
1002 9405 2820.00 2930.00 1590.00 848.00 553.00 397.00 2600.00 1880.00 1660.00
1002 94C1 512.00 1190.00 612.00 316.00 205.00 150.00 531.00 370.00 322.00
1002 94C3 553.00 893.00 484.00 253.00 165.00 120.00 425.00 297.00 258.00
1002 94C4 457.00 908.00 490.00 253.00 164.00 120.00 425.00 297.00 258.00
1002 94C7 308.00 698.00 366.00 193.00 126.00 91.80 320.00 225.00 195.00
1002 94C8 451.00 1010.00 538.00 281.00 183.00 134.00 465.00 329.00 287.00
1002 94C9 341.00 774.00 408.00 212.00 140.00 101.00 355.00 233.00 218.00
1002 94CC 468.00 670.00 383.00 208.00 137.00 101.00 337.00 242.00 211.00
1002 9501 4670.00 3400.00 2200.00 1300.00 884.00 648.00 3340.00 2570.00 2340.00
1002 9505 5710.00 4020.00 2260.00 1230.00 812.00 586.00 3640.00 2680.00 2360.00
1002 950F 2650.00 1930.00 1050.00 559.00 366.00 263.00 3990.00 3020.00 2660.00
1002 9515 2960.00 2000.00 1070.00 565.00 368.00 264.00 3660.00 2680.00 2380.00
1002 9581 1470.00 1600.00 887.00 471.00 308.00 223.00 1130.00 753.00 706.00
1002 9583 1630.00 1740.00 997.00 543.00 359.00 261.00 1260.00 914.00 806.00
1002 9586 2350.00 2480.00 1400.00 751.00 492.00 356.00 1800.00 1270.00 1130.00
1002 9587 1810.00 1950.00 1080.00 570.00 371.00 274.00 1490.00 1060.00 929.00
1002 9588 2450.00 2560.00 1430.00 758.00 494.00 358.00 1830.00 1300.00 1140.00
1002 9589 1250.00 1860.00 1030.00 556.00 365.00 264.00 1310.00 944.00 829.00
1002 9598 1900.00 2230.00 1250.00 668.00 447.00 323.00 1650.00 1180.00 1030.00
1002 95C5 641.00 1040.00 613.00 346.00 211.00 149.00 489.00 341.00 296.00
1002 9610 489.00 862.00 463.00 234.00 152.00 111.00 407.00 284.00 247.00
1023 2100 36.50 96.80 62.20 33.20 20.70 0.00 65.60 79.40 0.00
1023 2200 33.20 63.80 45.00 19.00 11.00 0.00 53.80 52.40 0.00
102B 0527 115.00 624.00 369.00 0.00 0.00 0.00 391.00 99.60 0.00
102B 0528 107.00 806.00 382.00 0.00 0.00 0.00 459.00 116.00 0.00
102B 2537 51.20 351.00 236.00 0.00 0.00 0.00 178.00 47.80 0.00
102B 2538 51.20 346.00 229.00 0.00 0.00 0.00 178.00 47.80 0.00
1039 0325 16.80 1100.00 600.00 270.00 140.00 80.00 240.00 300.00 140.00
1039 0330 33.20 135.00 0.00 0.00 0.00 0.00 134.00 28.00 0.00
1039 6325 13.10 1100.00 600.00 270.00 140.00 80.00 240.00 300.00 140.00
1039 6330 34.90 90.60 0.00 0.00 0.00 0.00 118.00 22.60 0.00
10DE 0040 225.00 2130.00 1490.00 995.00 747.00 588.00 592.00 738.00 458.00
10DE 0041 165.00 1690.00 1210.00 880.00 744.00 604.00 391.00 485.00 301.00
10DE 0042 104.00 833.00 548.00 357.00 260.00 203.00 225.00 250.00 161.00
10DE 0043 77.70 682.00 444.00 286.00 203.00 154.00 205.00 257.00 159.00
10DE 0044 112.00 1020.00 717.00 519.00 426.00 341.00 224.00 276.00 173.00
10DE 0045 182.00 1870.00 1250.00 818.00 598.00 470.00 522.00 578.00 375.00
10DE 0047 198.00 1700.00 1190.00 793.00 594.00 468.00 470.00 586.00 363.00
10DE 0048 131.00 863.00 597.00 395.00 300.00 241.00 257.00 318.00 199.00
10DE 004E 211.00 1510.00 1060.00 706.00 529.00 417.00 419.00 522.00 323.00
10DE 0090 276.00 4590.00 3140.00 1990.00 1470.00 1220.00 1650.00 1480.00 974.00
10DE 0091 359.00 3530.00 2600.00 1810.00 1410.00 1200.00 1660.00 1430.00 924.00
10DE 0092 288.00 2550.00 1810.00 1230.00 941.00 775.00 1220.00 1050.00 681.00
10DE 0093 158.00 2730.00 1720.00 1100.00 791.00 632.00 883.00 765.00 496.00
10DE 0098 135.00 1360.00 946.00 631.00 480.00 392.00 616.00 530.00 339.00
10DE 0099 282.00 3010.00 2220.00 1550.00 1210.00 1030.00 1430.00 1240.00 798.00
10DE 009D 345.00 3170.00 2250.00 1550.00 1190.00 979.00 1550.00 1340.00 864.00
10DE 00C0 200.00 1730.00 1210.00 804.00 612.00 499.00 475.00 594.00 367.00
10DE 00C1 153.00 1290.00 896.00 602.00 460.00 376.00 362.00 450.00 280.00
10DE 00C2 118.00 895.00 618.00 411.00 312.00 255.00 243.00 303.00 187.00
10DE 00C3 128.00 972.00 671.00 446.00 339.00 276.00 264.00 329.00 203.00
10DE 00C8 170.00 1500.00 1040.00 694.00 530.00 435.00 420.00 524.00 325.00
10DE 00C9 203.00 1650.00 1010.00 590.00 404.00 309.00 503.00 626.00 386.00
10DE 00CC 125.00 770.00 533.00 353.00 268.00 218.00 208.00 259.00 160.00
10DE 00CD 194.00 1700.00 1190.00 786.00 585.00 470.00 476.00 593.00 368.00
10DE 00CE 165.00 952.00 663.00 441.00 336.00 275.00 262.00 322.00 202.00
10DE 00F0 34.60 820.00 564.00 376.00 285.00 233.00 224.00 278.00 173.00
10DE 00F1 143.00 1230.00 746.00 454.00 328.00 256.00 374.00 466.00 289.00
10DE 00F2 99.50 964.00 658.00 439.00 331.00 273.00 262.00 328.00 201.00
10DE 00F3 81.60 370.00 250.00 163.00 121.00 97.10 111.00 139.00 86.00
10DE 00F4 81.90 392.00 285.00 187.00 143.00 117.00 112.00 139.00 86.30
10DE 00F5 281.00 2350.00 1460.00 907.00 653.00 512.00 1210.00 1050.00 673.00
10DE 00F6 210.00 1770.00 1250.00 837.00 636.00 521.00 496.00 618.00 382.00
10DE 00F8 165.00 1400.00 992.00 657.00 495.00 390.00 388.00 487.00 303.00
10DE 00F9 240.00 2750.00 1970.00 1430.00 1210.00 949.00 631.00 786.00 487.00
10DE 00FA 173.00 900.00 465.00 263.00 182.00 0.00 181.00 104.00 61.50
10DE 00FB 166.00 1470.00 753.00 398.00 253.00 0.00 359.00 207.00 121.00
10DE 00FC 34.30 485.00 265.00 151.00 104.00 0.00 118.00 42.60 20.20
10DE 00FD 34.70 508.00 273.00 154.00 107.00 0.00 119.00 43.00 20.40
10DE 00FE 144.00 1260.00 646.00 344.00 219.00 0.00 311.00 179.00 105.00
10DE 0100 12.70 399.00 226.00 0.00 0.00 0.00 0.00 0.00 0.00
10DE 0101 25.70 384.00 207.00 0.00 0.00 0.00 0.00 0.00 0.00
10DE 0103 28.80 394.00 219.00 0.00 0.00 0.00 0.00 0.00 0.00
10DE 0110 12.60 297.00 139.00 0.00 0.00 0.00 0.00 0.00 0.00
10DE 0111 16.80 140.00 26.70 0.00 0.00 0.00 0.00 0.00 0.00
10DE 0112 30.70 248.00 149.00 0.00 0.00 0.00 0.00 0.00 0.00
10DE 0113 8.44 311.00 166.00 0.00 0.00 0.00 0.00 0.00 0.00
10DE 0140 138.00 1370.00 952.00 632.00 481.00 393.00 375.00 468.00 289.00
10DE 0141 82.30 811.00 534.00 349.00 265.00 218.00 224.00 249.00 173.00
10DE 0142 82.90 421.00 289.00 191.00 145.00 118.00 113.00 142.00 87.50
10DE 0144 68.80 714.00 501.00 351.00 271.00 232.00 188.00 234.00 144.00
10DE 0145 115.00 1000.00 668.00 430.00 311.00 244.00 301.00 376.00 232.00
10DE 0146 82.50 418.00 286.00 188.00 142.00 116.00 113.00 141.00 86.90
10DE 0147 144.00 1380.00 971.00 651.00 498.00 406.00 391.00 486.00 302.00
10DE 0148 82.90 834.00 578.00 383.00 291.00 237.00 226.00 282.00 174.00
10DE 0149 124.00 1220.00 841.00 559.00 425.00 348.00 336.00 419.00 259.00
10DE 014A 68.60 351.00 242.00 160.00 122.00 96.00 94.20 118.00 72.50
10DE 014D 103.00 506.00 350.00 231.00 176.00 143.00 136.00 169.00 105.00
10DE 014E 86.00 424.00 293.00 194.00 147.00 120.00 114.00 142.00 87.50
10DE 014F 85.30 418.00 287.00 189.00 143.00 116.00 113.00 139.00 86.70
10DE 0150 9.33 663.00 267.00 0.00 0.00 0.00 0.00 0.00 0.00
10DE 0151 9.82 838.00 502.00 0.00 0.00 0.00 0.00 0.00 0.00
10DE 0152 53.10 838.00 411.00 0.00 0.00 0.00 0.00 0.00 0.00
10DE 0153 53.40 808.00 394.00 0.00 0.00 0.00 0.00 0.00 0.00
10DE 0160 109.00 560.00 385.00 254.00 193.00 157.00 150.00 188.00 116.00
10DE 0161 99.50 486.00 332.00 218.00 164.00 135.00 131.00 165.00 101.00
10DE 0162 96.60 494.00 341.00 225.00 171.00 139.00 132.00 165.00 102.00
10DE 0163 64.30 248.00 170.00 112.00 85.10 69.30 66.40 82.90 51.10
10DE 0165 75.90 390.00 268.00 175.00 129.00 103.00 104.00 130.00 80.10
10DE 0167 81.80 407.00 280.00 184.00 140.00 114.00 112.00 140.00 86.30
10DE 0168 110.00 514.00 355.00 235.00 179.00 145.00 150.00 187.00 116.00
10DE 016A 100.00 490.00 337.00 223.00 168.00 138.00 132.00 165.00 102.00
10DE 0170 63.40 515.00 264.00 0.00 0.00 0.00 0.00 0.00 0.00
10DE 0171 57.90 496.00 314.00 0.00 0.00 0.00 0.00 0.00 0.00
10DE 0172 12.60 418.00 211.00 0.00 0.00 0.00 0.00 0.00 0.00
10DE 0173 6.27 389.00 253.00 0.00 0.00 0.00 0.00 0.00 0.00
10DE 0174 16.70 487.00 276.00 0.00 0.00 0.00 0.00 0.00 0.00
10DE 0175 18.60 365.00 207.00 0.00 0.00 0.00 0.00 0.00 0.00
10DE 0176 40.20 327.00 168.00 0.00 0.00 0.00 0.00 0.00 0.00
10DE 0177 3.66 3.78 3.76 0.00 0.00 0.00 0.00 0.00 0.00
10DE 0178 64.30 549.00 271.00 0.00 0.00 0.00 0.00 0.00 0.00
10DE 0179 40.30 336.00 176.00 0.00 0.00 0.00 0.00 0.00 0.00
10DE 017A 53.80 410.00 204.00 0.00 0.00 0.00 0.00 0.00 0.00
10DE 017C 47.20 403.00 206.00 0.00 0.00 0.00 0.00 0.00 0.00
10DE 0181 53.20 380.00 213.00 0.00 0.00 0.00 0.00 0.00 0.00
10DE 0182 11.70 449.00 237.00 0.00 0.00 0.00 0.00 0.00 0.00
10DE 0185 59.00 299.00 156.00 0.00 0.00 0.00 0.00 0.00 0.00
10DE 0186 12.60 361.00 181.00 0.00 0.00 0.00 0.00 0.00 0.00
10DE 0187 62.50 426.00 233.00 0.00 0.00 0.00 0.00 0.00 0.00
10DE 0188 33.60 547.00 268.00 0.00 0.00 0.00 0.00 0.00 0.00
10DE 018A 21.40 427.00 208.00 0.00 0.00 0.00 0.00 0.00 0.00
10DE 018B 45.70 504.00 320.00 0.00 0.00 0.00 0.00 0.00 0.00
10DE 0191 2670.00 6390.00 5690.00 3710.00 2730.00 2150.00 4370.00 3670.00 3280.00
10DE 0193 2330.00 6130.00 5460.00 3550.00 2630.00 2060.00 3630.00 3040.00 2750.00
10DE 0194 3120.00 7250.00 6460.00 4500.00 3540.00 2770.00 4700.00 4160.00 3870.00
10DE 01A0 37.60 312.00 170.00 0.00 0.00 0.00 0.00 0.00 0.00
10DE 01D0 96.60 970.00 574.00 344.00 247.00 197.00 280.00 241.00 154.00
10DE 01D1 128.00 628.00 405.00 247.00 177.00 152.00 281.00 242.00 154.00
10DE 01D3 84.90 317.00 219.00 145.00 110.00 89.40 141.00 121.00 77.20
10DE 01D6 122.00 626.00 433.00 286.00 217.00 177.00 279.00 240.00 153.00
10DE 01D7 96.40 468.00 329.00 220.00 167.00 137.00 220.00 188.00 120.00
10DE 01D8 122.00 620.00 429.00 285.00 216.00 176.00 279.00 239.00 153.00
10DE 01DA 96.40 487.00 338.00 224.00 170.00 139.00 220.00 189.00 120.00
10DE 01DC 128.00 627.00 431.00 287.00 216.00 175.00 282.00 242.00 154.00
10DE 01DD 157.00 770.00 532.00 353.00 265.00 217.00 345.00 296.00 189.00
10DE 01DF 151.00 745.00 477.00 307.00 240.00 200.00 341.00 294.00 187.00
10DE 01F0 14.00 362.00 187.00 0.00 0.00 0.00 0.00 0.00 0.00
10DE 0200 43.40 638.00 306.00 156.00 84.40 0.00 188.00 72.10 0.00
10DE 0201 38.10 560.00 268.00 136.00 74.10 0.00 165.00 63.40 0.00
10DE 0202 52.00 770.00 370.00 187.00 102.00 0.00 226.00 86.30 0.00
10DE 0203 43.40 639.00 309.00 155.00 84.50 0.00 188.00 72.20 0.00
10DE 0211 73.30 610.00 366.00 223.00 157.00 118.00 182.00 227.00 141.00
10DE 0215 196.00 1830.00 1290.00 873.00 652.00 515.00 520.00 648.00 402.00
10DE 0218 113.00 829.00 575.00 382.00 285.00 224.00 224.00 280.00 173.00
10DE 0221 99.70 479.00 332.00 220.00 167.00 137.00 132.00 164.00 101.00
10DE 0222 56.70 210.00 145.00 96.20 73.10 59.60 56.70 70.80 43.50
10DE 0240 43.40 316.00 224.00 149.00 113.00 92.50 89.50 111.00 68.70
10DE 0241 38.80 301.00 207.00 137.00 104.00 84.30 80.20 100.00 61.80
10DE 0242 40.20 300.00 206.00 136.00 103.00 84.20 80.20 100.00 61.80
10DE 0244 30.20 457.00 268.00 160.00 116.00 92.70 79.80 99.10 61.30
10DE 0245 38.70 298.00 203.00 134.00 102.00 83.00 79.80 99.50 61.50
10DE 0247 38.70 295.00 202.00 134.00 102.00 83.30 79.80 99.60 61.50
10DE 0250 91.10 1070.00 546.00 288.00 147.00 0.00 283.00 109.00 0.00
10DE 0251 82.80 939.00 489.00 261.00 133.00 0.00 255.00 98.80 0.00
10DE 0253 75.50 877.00 440.00 233.00 120.00 0.00 236.00 90.50 0.00
10DE 0258 90.70 1070.00 543.00 287.00 145.00 0.00 283.00 107.00 0.00
10DE 0259 83.10 955.00 497.00 263.00 134.00 0.00 258.00 99.20 0.00
10DE 025B 83.50 976.00 492.00 262.00 134.00 0.00 260.00 99.70 0.00
10DE 0280 88.60 1060.00 593.00 334.00 166.00 0.00 275.00 105.00 0.00
10DE 0281 74.70 835.00 422.00 230.00 103.00 0.00 229.00 89.30 0.00
10DE 0282 82.50 979.00 500.00 263.00 134.00 0.00 256.00 98.50 0.00
10DE 0285 75.60 906.00 457.00 241.00 122.00 0.00 235.00 90.40 0.00
10DE 0286 59.10 704.00 360.00 189.00 95.60 0.00 184.00 70.70 0.00
10DE 0288 89.70 1050.00 536.00 281.00 144.00 0.00 279.00 107.00 0.00
10DE 0289 83.00 977.00 496.00 263.00 133.00 0.00 257.00 99.10 0.00
10DE 0290 499.00 4600.00 3320.00 2280.00 1760.00 1450.00 2280.00 1980.00 1280.00
10DE 0291 513.00 4420.00 3190.00 2220.00 1710.00 1420.00 2260.00 1970.00 1280.00
10DE 0292 307.00 2930.00 2060.00 1390.00 1060.00 871.00 1360.00 1180.00 755.00
10DE 0293 368.00 3590.00 2580.00 1770.00 1370.00 1120.00 1770.00 1530.00 998.00
10DE 0294 368.00 3630.00 2590.00 1770.00 1360.00 1120.00 1780.00 1540.00 997.00
10DE 0295 418.00 3760.00 2730.00 1900.00 1480.00 1210.00 1920.00 1670.00 1080.00
10DE 0297 422.00 3680.00 2690.00 1960.00 1480.00 1240.00 1970.00 1710.00 1120.00
10DE 0298 184.00 3290.00 2130.00 1330.00 986.00 790.00 1100.00 947.00 619.00
10DE 0299 356.00 3370.00 2490.00 1710.00 1360.00 1120.00 1740.00 1520.00 991.00
10DE 029A 352.00 3090.00 2280.00 1630.00 1280.00 1070.00 1690.00 1470.00 974.00
10DE 029B 284.00 2690.00 1940.00 1330.00 1030.00 848.00 1330.00 1150.00 748.00
10DE 029C 512.00 4120.00 2900.00 2000.00 1560.00 1330.00 2250.00 1950.00 1280.00
10DE 029D 306.00 2680.00 1940.00 1330.00 1020.00 843.00 1330.00 1150.00 749.00
10DE 029E 211.00 1670.00 1180.00 801.00 613.00 501.00 788.00 679.00 437.00
10DE 02E0 261.00 2180.00 1540.00 1030.00 788.00 644.00 1020.00 882.00 565.00
10DE 02E1 186.00 1440.00 1020.00 696.00 529.00 439.00 701.00 619.00 395.00
10DE 02E2 133.00 962.00 660.00 438.00 334.00 273.00 436.00 375.00 240.00
10DE 02E3 295.00 2570.00 1780.00 1180.00 890.00 716.00 1340.00 1160.00 750.00
10DE 02E4 406.00 3760.00 3570.00 2720.00 2090.00 1690.00 1980.00 1710.00 1110.00
10DE 0301 205.00 1730.00 901.00 484.00 309.00 0.00 469.00 199.00 82.30
10DE 0302 164.00 1400.00 721.00 386.00 247.00 0.00 374.00 158.00 65.90
10DE 0308 163.00 1400.00 727.00 387.00 247.00 0.00 375.00 159.00 65.90
10DE 0309 124.00 1080.00 556.00 295.00 188.00 0.00 283.00 120.00 49.70
10DE 0311 54.60 887.00 471.00 262.00 180.00 0.00 189.00 76.30 32.60
10DE 0312 44.30 578.00 284.00 147.00 93.30 0.00 153.00 61.80 26.50
10DE 0314 32.10 494.00 266.00 151.00 104.00 0.00 109.00 44.50 0.00
10DE 0319 54.90 881.00 469.00 262.00 180.00 0.00 189.00 76.00 32.60
10DE 031A 37.50 504.00 258.00 135.00 85.00 0.00 127.00 52.30 0.00
10DE 031B 44.40 721.00 381.00 212.00 145.00 0.00 153.00 62.00 26.50
10DE 031C 40.70 643.00 338.00 181.00 116.00 0.00 140.00 56.40 0.00
10DE 0321 41.10 952.00 475.00 266.00 174.00 0.00 142.00 51.10 24.30
10DE 0322 34.30 498.00 270.00 151.00 104.00 0.00 118.00 33.90 19.80
10DE 0323 31.50 442.00 233.00 132.00 91.60 0.00 108.00 39.10 0.00
10DE 0324 27.20 325.00 179.00 96.10 62.60 0.00 93.30 33.80 0.00
10DE 0325 34.30 851.00 434.00 259.00 182.00 0.00 118.00 42.50 0.00
10DE 0326 37.20 495.00 247.00 129.00 82.20 0.00 128.00 46.10 21.80
10DE 0327 27.40 356.00 218.00 118.00 76.90 0.00 94.40 34.00 0.00
10DE 0328 27.20 350.00 194.00 103.00 66.20 0.00 93.00 33.80 0.00
10DE 032A 34.50 548.00 339.00 209.00 130.00 0.00 119.00 42.80 20.30
10DE 032B 37.10 598.00 316.00 176.00 121.00 0.00 128.00 46.10 21.80
10DE 032C 37.60 480.00 289.00 162.00 98.50 0.00 127.00 46.50 0.00
10DE 032D 27.40 360.00 224.00 119.00 77.30 0.00 93.90 33.90 0.00
10DE 0330 184.00 1600.00 827.00 440.00 280.00 0.00 398.00 230.00 134.00
10DE 0331 160.00 1380.00 714.00 381.00 242.00 0.00 344.00 199.00 116.00
10DE 0332 160.00 1370.00 710.00 380.00 242.00 0.00 345.00 199.00 116.00
10DE 0333 192.00 1420.00 851.00 453.00 289.00 0.00 401.00 237.00 140.00
10DE 0334 121.00 1060.00 541.00 284.00 183.00 0.00 257.00 148.00 88.90
10DE 0338 163.00 1410.00 733.00 391.00 248.00 0.00 353.00 203.00 119.00
10DE 033F 113.00 1000.00 512.00 270.00 172.00 0.00 245.00 140.00 82.30
10DE 0341 194.00 1030.00 549.00 308.00 212.00 0.00 202.00 116.00 68.40
10DE 0342 175.00 915.00 480.00 271.00 187.00 0.00 182.00 105.00 61.70
10DE 0343 99.70 531.00 286.00 159.00 108.00 0.00 106.00 61.20 36.20
10DE 0344 123.00 662.00 333.00 196.00 134.00 0.00 129.00 74.10 43.60
10DE 0347 123.00 591.00 328.00 184.00 120.00 0.00 142.00 73.70 0.00
10DE 0348 144.00 681.00 355.00 205.00 135.00 0.00 164.00 86.30 0.00
10DE 034A 174.00 896.00 472.00 265.00 184.00 0.00 182.00 105.00 61.70
10DE 034C 121.00 564.00 312.00 177.00 117.00 0.00 140.00 72.70 0.00
10DE 034E 174.00 932.00 493.00 276.00 190.00 0.00 182.00 105.00 61.60
10DE 0390 158.00 2480.00 1540.00 956.00 677.00 559.00 778.00 702.00 449.00
10DE 0391 263.00 2220.00 1550.00 1030.00 793.00 647.00 1030.00 881.00 566.00
10DE 0392 181.00 1550.00 1080.00 723.00 558.00 459.00 735.00 633.00 401.00
10DE 0393 152.00 1100.00 758.00 504.00 384.00 313.00 498.00 429.00 274.00
10DE 0394 113.00 1580.00 981.00 596.00 436.00 347.00 491.00 422.00 272.00
10DE 0395 133.00 968.00 672.00 447.00 340.00 277.00 436.00 374.00 240.00
10DE 0397 157.00 2410.00 1520.00 947.00 702.00 562.00 780.00 672.00 441.00
10DE 0398 157.00 1670.00 1030.00 649.00 476.00 376.00 543.00 461.00 301.00
10DE 0399 176.00 2770.00 1730.00 1070.00 792.00 635.00 891.00 773.00 502.00
10DE 039E 165.00 964.00 671.00 446.00 340.00 277.00 437.00 375.00 240.00
10DE 03D0 40.40 299.00 204.00 135.00 103.00 83.50 80.40 100.00 61.80
10DE 03D1 30.40 471.00 276.00 164.00 119.00 94.10 80.10 99.80 61.80
10DE 03D2 40.40 297.00 203.00 135.00 102.00 83.70 80.40 100.00 61.90
10DE 03D5 30.40 471.00 275.00 163.00 118.00 93.60 80.30 100.00 61.90
10DE 0400 932.00 3340.00 2510.00 1560.00 1150.00 877.00 1480.00 1190.00 1030.00
10DE 0401 460.00 2020.00 2020.00 1550.00 1090.00 791.00 1260.00 981.00 857.00
10DE 0402 729.00 2950.00 2130.00 1270.00 921.00 697.00 1240.00 953.00 846.00
10DE 0403 370.00 1630.00 1100.00 656.00 476.00 355.00 639.00 498.00 432.00
10DE 0404 171.00 802.00 685.00 397.00 270.00 209.00 497.00 390.00 327.00
10DE 0405 353.00 1420.00 1020.00 629.00 467.00 354.00 573.00 451.00 390.00
10DE 0407 548.00 2410.00 1570.00 913.00 616.00 485.00 984.00 764.00 650.00
10DE 0409 773.00 3060.00 2430.00 1470.00 1060.00 802.00 1260.00 1050.00 849.00
10DE 040B 688.00 2700.00 2170.00 1330.00 962.00 732.00 1150.00 913.00 771.00
10DE 040C 137.00 587.00 477.00 286.00 201.00 157.00 366.00 285.00 244.00
10DE 040D 400.00 2070.00 2080.00 1450.00 1060.00 805.00 1310.00 1020.00 898.00
10DE 040E 150.00 835.00 835.00 577.00 410.00 307.00 508.00 388.00 342.00
10DE 040F 555.00 2530.00 1820.00 1100.00 791.00 597.00 968.00 744.00 659.00
10DE 0420 289.00 1320.00 895.00 558.00 401.00 298.00 535.00 403.00 343.00
10DE 0421 417.00 1640.00 1050.00 612.00 438.00 329.00 782.00 583.00 498.00
10DE 0422 262.00 1310.00 882.00 557.00 398.00 296.00 545.00 403.00 341.00
10DE 0423 144.00 824.00 728.00 515.00 378.00 285.00 271.00 204.00 176.00
10DE 0425 286.00 1350.00 948.00 607.00 436.00 328.00 588.00 422.00 360.00
10DE 0426 282.00 1350.00 908.00 540.00 387.00 293.00 502.00 385.00 316.00
10DE 0427 237.00 1160.00 790.00 482.00 340.00 259.00 465.00 346.00 294.00
10DE 0428 117.00 560.00 533.00 436.00 322.00 250.00 213.00 177.00 142.00
10DE 0429 136.00 720.00 722.00 494.00 355.00 266.00 441.00 350.00 281.00
10DE 042A 66.60 372.00 317.00 373.00 316.00 244.00 197.00 178.00 143.00
10DE 042B 27.50 108.00 90.50 73.60 60.20 51.80 91.40 75.50 60.30
10DE 042D 45.60 140.00 123.00 95.50 82.20 69.70 203.00 117.00 102.00
10DE 042E 234.00 1130.00 801.00 481.00 342.00 259.00 468.00 348.00 294.00
10DE 0531 30.30 454.00 264.00 156.00 113.00 89.50 79.90 99.80 61.60
10DE 0533 33.10 247.00 170.00 113.00 84.80 69.30 65.90 82.50 50.90
10DE 053A 40.20 367.00 252.00 181.00 155.00 124.00 80.10 100.00 61.60
10DE 053B 40.10 286.00 187.00 124.00 95.40 78.10 79.70 100.00 61.50
10DE 053E 30.00 458.00 269.00 157.00 115.00 90.90 79.60 99.90 61.00
10DE 0600 3240.00 5310.00 5480.00 4650.00 3610.00 2870.00 5030.00 4000.00 3690.00
10DE 0604 2290.00 5500.00 5480.00 3890.00 2940.00 2270.00 5560.00 4400.00 3890.00
10DE 0606 2740.00 4310.00 4470.00 3670.00 2760.00 2130.00 4460.00 3290.00 3200.00
10DE 0609 1300.00 4160.00 3200.00 2080.00 1550.00 1190.00 1990.00 1820.00 1640.00
10DE 060C 1870.00 4430.00 3530.00 2530.00 2140.00 1750.00 2760.00 2280.00 2090.00
10DE 0611 1970.00 6200.00 6110.00 4430.00 3320.00 2580.00 5150.00 4030.00 3630.00
10DE 0622 1790.00 4460.00 3990.00 2370.00 1640.00 1270.00 3320.00 2640.00 2190.00
10DE 06E2 204.00 1060.00 930.00 645.00 466.00 348.00 370.00 292.00 252.00
10DE 07E1 42.90 665.00 385.00 229.00 166.00 130.00 113.00 141.00 87.20
10DE 07E3 47.20 349.00 239.00 158.00 120.00 97.20 94.00 117.00 72.30
1106 3230 50.70 110.00 70.00 37.90 24.70 18.50 15.90 14.90 0.00
1106 3371 48.10 125.00 93.30 52.90 35.40 26.80 17.40 16.40 0.00
18CA 0040 202.00 328.00 288.00 248.00 0.00 0.00 58.00 51.50 0.00
1AB8 1131 246.00 1730.00 0.00 0.00 0.00 0.00 0.00 0.00 0.00
3D3D 0020 141.00 207.00 35.80 29.60 23.30 0.00 25.50 20.40 0.00
3D3D 0024 62.50 307.00 65.70 53.80 41.90 0.00 44.70 36.10 0.00
5333 8E00 125.00 1080.00 653.00 249.00 127.00 87.00 150.00 178.00 0.00
5333 8E48 301.00 1270.00 655.00 300.00 170.00 120.00 377.00 291.00 0.00
8086 2582 46.60 444.00 403.00 224.00 0.00 0.00 190.00 168.00 0.00
8086 2592 0.00 268.00 260.00 147.00 0.00 0.00 95.60 84.40 0.00
8086 2772 50.30 471.00 464.00 283.00 0.00 0.00 231.00 203.00 0.00
8086 27A2 0.00 433.00 425.00 230.00 0.00 0.00 143.00 126.00 0.00
8086 2972 43.00 320.00 319.00 167.00 97.70 68.30 224.00 168.00 0.00
8086 2982 61.60 411.00 410.00 220.00 130.00 89.80 256.00 180.00 67.70
8086 2992 52.40 322.00 322.00 168.00 97.80 68.20 223.00 166.00 0.00
8086 29A2 54.50 316.00 316.00 165.00 96.10 67.00 216.00 161.00 0.00
8086 29B2 72.00 724.00 713.00 372.00 0.00 0.00 232.00 204.00 0.00
8086 29C2 47.60 689.00 684.00 366.00 0.00 0.00 232.00 204.00 0.00
8086 2A02 16.40 176.00 176.00 96.40 59.00 41.50 155.00 110.00 41.90
